0 0.50028125 0.5861770833333333 0.34346875 0.5753124999999999
66 0.4053984375 0.8258125 0.146421875 0.095875
73 0.9096328124999999 0.7864062500000001 0.028640625 0.1623541666666667
73 0.9206171875 0.41970833333333335 0.020015625000000002 0.11754166666666667
73 0.8395390625 0.2916458333333333 0.135703125 0.020541666666666666
73 0.8657265625000001 0.09103125 0.036578125 0.17547916666666669
73 0.95871875 0.7724375 0.08256250000000001 0.059333333333333335
73 0.9682265625000002 0.4278020833333333 0.038484375 0.12060416666666667
73 0.8954218750000001 0.7899270833333334 0.024125 0.1520625
73 0.8853750000000002 0.7869999999999999 0.02521875 0.1435
73 0.7781484375000001 0.749375 0.07485937499999999 0.1709166666666667
73 0.8278906249999999 0.7628541666666667 0.03259375 0.16895833333333332
73 0.936109375 0.42084374999999996 0.02521875 0.11902083333333334
56 0.6370156250000001 0.6950625 0.074125 0.35891666666666666
62 0.203046875 0.7554791666666667 0.27396875000000004 0.45337500000000003
73 0.9142421875000001 0.09633333333333334 0.024078125000000002 0.16608333333333333
73 0.9488046875 0.42503124999999997 0.031921875 0.12310416666666667
73 0.5632812500000001 0.49895833333333334 0.8703125 0.9979166666666667
