18 0.3000390625 0.8493411764705883 0.073953125 0.27195294117647056
18 0.4883671875 0.7985999999999999 0.12192187500000001 0.3369176470588235
18 0.600515625 0.7860235294117647 0.13853125 0.27312941176470584
18 0.7215546875 0.8298588235294116 0.10239062500000001 0.250635294117647
0 0.466703125 0.5126 0.08184375 0.24454117647058823
0 0.099109375 0.47671764705882347 0.037625 0.061811764705882344
0 0.012390625 0.5220823529411764 0.02478125 0.18435294117647055
18 0.8861015625 0.8213999999999999 0.088015625 0.2697176470588235
18 0.7591640625 0.6392941176470588 0.054234375 0.07618823529411764
18 0.7069375 0.6635647058823528 0.03371875 0.07592941176470588
18 0.021328125000000003 0.7728705882352941 0.04265625000000001 0.20498823529411764
18 0.383640625 0.869835294117647 0.082625 0.26032941176470586
18 0.752109375 0.5370117647058823 0.07059375 0.06832941176470587
18 0.18097656250000002 0.822 0.115328125 0.28668235294117644
18 0.9689765625 0.7805647058823529 0.062046875 0.24357647058823526
18 0.8093281250000001 0.8269882352941177 0.1151875 0.2436705882352941
