1 0.5358437500000001 0.5053737113402061 0.485 0.9806443298969072
2 0.685296875 0.25538659793814433 0.12675 0.09484536082474226
2 0.303828125 0.2414819587628866 0.14375000000000002 0.1140979381443299
9 0.17742968750000002 0.0833118556701031 0.013421875 0.029819587628865978
9 0.1539296875 0.18505154639175256 0.010765625000000001 0.02149484536082474
2 0.5935234374999999 0.25362113402061853 0.048890625 0.06100515463917526
2 0.1479453125 0.22003865979381443 0.041890625 0.047190721649484534
2 0.19885156250000002 0.22332474226804125 0.014578125 0.038402061855670105
7 0.8953515625 0.20939432989690723 0.209296875 0.2885824742268041
7 0.6840234375 0.25378865979381443 0.128328125 0.09164948453608247
7 0.7790312500000001 0.26001288659793814 0.0681875 0.10172680412371134
9 0.055101562500000006 0.15498711340206184 0.008171875 0.008891752577319587
