2 0.49989843749999996 0.5603020833333333 0.172765625 0.14018750000000002
2 0.13875781250000002 0.5843958333333333 0.183328125 0.19641666666666666
2 0.103546875 0.5011354166666667 0.12178125000000001 0.10777083333333333
2 0.342859375 0.5572604166666667 0.1591875 0.1266875
2 0.6999531250000001 0.54221875 0.11206250000000001 0.10531249999999999
2 0.8192734375000001 0.54165625 0.14095312499999998 0.10514583333333333
5 0.12303125 0.4943854166666667 0.2426875 0.9842708333333333
0 0.2492890625 0.541375 0.029703125000000004 0.14941666666666667
0 0.41600000000000004 0.49733333333333335 0.0220625 0.043875
2 0.5606171875 0.5019166666666667 0.045015625000000004 0.05533333333333333
2 0.1793984375 0.53984375 0.046015625000000004 0.07327083333333334
2 0.9675546875000001 0.5405312500000001 0.06489062500000001 0.0701875
2 0.8898203125 0.5421979166666666 0.054703125 0.07622916666666667
2 0.7727421875 0.50746875 0.10670312500000001 0.0509375
0 0.2779375 0.5213958333333334 0.015625 0.0625
0 0.30474218750000004 0.49484375 0.025015625000000003 0.04685416666666666
