5 0.8258645833333332 0.29484375 0.3482708333333333 0.38340625
24 0.35070833333333334 0.32590625000000006 0.024458333333333332 0.02915625
2 0.14459375 0.370578125 0.2704375 0.1216875
0 0.5162708333333333 0.3543359375 0.03141666666666667 0.09885937500000001
0 0.42232291666666666 0.361515625 0.0539375 0.10984375
0 0.38503125 0.3444296875 0.04760416666666667 0.092515625
0 0.3958645833333333 0.3316484375 0.03364583333333333 0.098421875
0 0.34658333333333335 0.34825 0.048125 0.10040625000000002
0 0.6768020833333332 0.373140625 0.05739583333333333 0.11940625
0 0.5645729166666666 0.34040625 0.012437499999999999 0.03900000000000001
0 0.443875 0.34721093750000004 0.06325 0.111921875
0 0.09267708333333333 0.29717187500000003 0.03252083333333333 0.029718750000000002
0 0.039260416666666666 0.314171875 0.029437500000000002 0.0505625
2 0.24325 0.2698203125 0.025249999999999998 0.009109375000000001
26 0.4564583333333333 0.36814843750000004 0.033041666666666664 0.03673437500000001
0 0.6260937499999999 0.3738359375 0.043729166666666666 0.11810937500000002
26 0.40047916666666666 0.3539375 0.016291666666666666 0.024625
0 0.5548958333333334 0.36925781250000006 0.061875 0.11014062499999999
